VFOLIH 1 1001 0.25517241379310346
VFOLIH 1001 2001 0.25252525252525254
VFOLIH 2001 3001 0.2254335260115607
VFOLIH 3001 4001 0.1794871794871795
VFOLIH 4001 5001 0.046632124352331605
VFOLIH 5001 6001 0.3155080213903743
VFOLIH 6001 7001 0.22613065326633167
VFOLIH 7001 8001 0.16831683168316833
VFOLIH 8001 9001 0.20930232558139536
VFOLIH 9001 10001 0.3125
VFOLIH 10001 11001 0.28780487804878047
VFOLIH 11001 12001 0.3706896551724138
VFOLIH 12001 13001 0.22131147540983606
VFOLIH 13001 14001 -0.08247422680412371
VFOLIH 14001 15001 -0.032679738562091505
VFOLIH 15001 16001 -0.3880597014925373
VFOLIH 16001 17001 -0.3248407643312102
VFOLIH 17001 18001 -0.2080536912751678
VFOLIH 18001 19001 -0.10303030303030303
VFOLIH 19001 20001 -0.40860215053763443
VFOLIH 20001 21001 -0.1724137931034483
VFOLIH 21001 22001 -0.07936507936507936
VFOLIH 22001 23001 -0.28
VFOLIH 23001 24001 -0.3374233128834356
VFOLIH 24001 25001 0.07792207792207792
VFOLIH 25001 26001 -0.16339869281045752
VFOLIH 26001 27001 0.07
VFOLIH 27001 28001 -0.013452914798206279
VFOLIH 28001 29001 -0.25161290322580643
VFOLIH 29001 30001 -0.08641975308641975
VFOLIH 30001 31001 0.0
VFOLIH 31001 32001 0.2375
VFOLIH 32001 33001 -0.03759398496240601
VFOLIH 33001 34001 -0.18292682926829268
VFOLIH 34001 35001 -0.1724137931034483
VFOLIH 35001 36001 0.041916167664670656
VFOLIH 36001 37001 0.19745222929936307
VFOLIH 37001 38001 0.12953367875647667
VFOLIH 38001 39001 0.05521472392638037
VFOLIH 39001 40001 0.07936507936507936
VFOLIH 40001 41001 -0.2714285714285714
VFOLIH 41001 42001 -0.037037037037037035
VFOLIH 42001 43001 -0.1783783783783784
VFOLIH 43001 44001 -0.152
VFOLIH 44001 45001 -0.20207253886010362
VFOLIH 45001 46001 -0.0847457627118644
VFOLIH 46001 47001 0.031055900621118012
VFOLIH 47001 48001 0.01935483870967742
VFOLIH 48001 49001 -0.12162162162162163
VFOLIH 49001 50001 -0.11450381679389313
VFOLIH 50001 51001 0.16216216216216217
VFOLIH 51001 52001 0.20245398773006135
VFOLIH 52001 53001 0.19230769230769232
VFOLIH 53001 54001 0.20212765957446807
VFOLIH 54001 55001 0.27848101265822783
VFOLIH 55001 56001 0.1901840490797546
VFOLIH 56001 57001 -0.17159763313609466
VFOLIH 57001 58001 -0.09574468085106383
VFOLIH 58001 59001 0.04225352112676056
VFOLIH 59001 60001 0.32075471698113206
VFOLIH 60001 61001 0.43169398907103823
VFOLIH 61001 62001 0.23529411764705882
VFOLIH 62001 63001 0.38666666666666666
VFOLIH 63001 64001 0.05084745762711865
VFOLIH 64001 65001 -0.020618556701030927
VFOLIH 65001 66001 0.0374331550802139
VFOLIH 66001 67001 0.2602739726027397
VFOLIH 67001 68001 0.05813953488372093
VFOLIH 68001 69001 0.15730337078651685
VFOLIH 69001 70001 0.13592233009708737
VFOLIH 70001 71001 0.21739130434782608
VFOLIH 71001 72001 0.06172839506172839
VFOLIH 72001 73001 0.14814814814814814
VFOLIH 73001 74001 0.2847682119205298
VFOLIH 74001 75001 0.08056872037914692
VFOLIH 75001 76001 0.13793103448275862
VFOLIH 76001 77001 0.2111111111111111
VFOLIH 77001 78001 0.17197452229299362
VFOLIH 78001 79001 0.4074074074074074
VFOLIH 79001 80001 0.2037914691943128
VFOLIH 80001 81001 0.01775147928994083
VFOLIH 81001 82001 -0.24444444444444444
VFOLIH 82001 83001 -0.28888888888888886
VFOLIH 83001 84001 -0.21568627450980393
VFOLIH 84001 85001 -0.109375
VFOLIH 85001 86001 -0.07692307692307693
VFOLIH 86001 87001 0.030927835051546393
VFOLIH 87001 88001 0.08379888268156424
VFOLIH 88001 89001 0.3333333333333333
VFOLIH 89001 90001 0.22285714285714286
VFOLIH 90001 91001 -0.0650887573964497
VFOLIH 91001 92001 -0.20300751879699247
VFOLIH 92001 93001 -0.2073170731707317
VFOLIH 93001 94001 -0.22875816993464052
VFOLIH 94001 95001 0.2079207920792079
VFOLIH 95001 96001 -0.047058823529411764
VFOLIH 96001 97001 0.05263157894736842
VFOLIH 97001 98001 0.24503311258278146
VFOLIH 98001 99001 0.22705314009661837
VFOLIH 99001 100001 0.34177215189873417
VFOLIH 100001 101001 0.3303964757709251
VFOLIH 101001 102001 0.2882882882882883
VFOLIH 102001 103001 0.1773049645390071
VFOLIH 103001 104001 -0.07317073170731707
VFOLIH 104001 105001 0.03184713375796178
VFOLIH 105001 106001 -0.2558139534883721
VFOLIH 106001 107001 -0.1794871794871795
VFOLIH 107001 108001 -0.057692307692307696
VFOLIH 108001 109001 0.20652173913043478
VFOLIH 109001 110001 -0.3333333333333333
VFOLIH 110001 111001 -0.2755905511811024
VFOLIH 111001 112001 -0.04819277108433735
VFOLIH 112001 113001 -0.1952662721893491
VFOLIH 113001 114001 0.0
VFOLIH 114001 115001 -0.13580246913580246
VFOLIH 115001 116001 -0.1656441717791411
VFOLIH 116001 117001 0.2972972972972973
VFOLIH 117001 118001 -0.04938271604938271
VFOLIH 118001 119001 -0.15447154471544716
VFOLIH 119001 120001 -0.23118279569892472
VFOLIH 120001 121001 -0.13496932515337423
VFOLIH 121001 122001 -0.21212121212121213
VFOLIH 122001 123001 -0.16201117318435754
VFOLIH 123001 124001 0.12280701754385964
VFOLIH 124001 125001 0.2978723404255319
VFOLIH 125001 126001 0.2376237623762376
VFOLIH 126001 127001 0.32275132275132273
VFOLIH 127001 128001 0.12087912087912088
VFOLIH 128001 129001 0.3836477987421384
VFOLIH 129001 130001 0.28994082840236685
VFOLIH 130001 131001 0.2968036529680365
VFOLIH 131001 132001 0.16022099447513813
VFOLIH 132001 133001 0.14084507042253522
VFOLIH 133001 134001 -0.16304347826086957
VFOLIH 134001 135001 0.29577464788732394
VFOLIH 135001 136001 0.17894736842105263
