VFOLIH 1 1001 10.8342151675485
VFOLIH 1001 2001 1.6342151675485006
VFOLIH 2001 3001 -0.8657848324514994
VFOLIH 3001 4001 -2.5657848324515005
VFOLIH 4001 5001 1.1342151675485006
VFOLIH 5001 6001 0.5342151675484992
VFOLIH 6001 7001 1.7342151675484985
VFOLIH 7001 8001 2.034215167548499
VFOLIH 8001 9001 -0.9657848324515008
VFOLIH 9001 10001 1.0342151675484992
VFOLIH 10001 11001 2.3342151675485
VFOLIH 11001 12001 5.034215167548499
VFOLIH 12001 13001 6.2342151675484985
VFOLIH 13001 14001 1.2342151675484985
VFOLIH 14001 15001 -2.8657848324514994
VFOLIH 15001 16001 -4.7657848324515
VFOLIH 16001 17001 -2.465784832451501
VFOLIH 17001 18001 -3.2657848324514998
VFOLIH 18001 19001 -1.6657848324515
VFOLIH 19001 20001 0.4342151675485013
VFOLIH 20001 21001 -0.7657848324515015
VFOLIH 21001 22001 0.7342151675484985
VFOLIH 22001 23001 -0.6657848324515001
VFOLIH 23001 24001 -1.8657848324514994
VFOLIH 24001 25001 -2.7657848324514998
VFOLIH 25001 26001 -2.8657848324514994
VFOLIH 26001 27001 1.8342151675485
VFOLIH 27001 28001 4.134215167548501
VFOLIH 28001 29001 -2.6657848324515
VFOLIH 29001 30001 -1.9657848324515008
VFOLIH 30001 31001 -0.3657848324514994
VFOLIH 31001 32001 -2.1657848324515
VFOLIH 32001 33001 -4.865784832451499
VFOLIH 33001 34001 -1.7657848324515015
VFOLIH 34001 35001 -3.6657848324515
VFOLIH 35001 36001 -1.4657848324515008
VFOLIH 36001 37001 -2.465784832451501
VFOLIH 37001 38001 1.1342151675485006
VFOLIH 38001 39001 -1.8657848324514994
VFOLIH 39001 40001 0.7342151675484985
VFOLIH 40001 41001 -4.1657848324515
VFOLIH 41001 42001 -4.6657848324515
VFOLIH 42001 43001 0.3342151675484999
VFOLIH 43001 44001 -5.6657848324515
VFOLIH 44001 45001 1.1342151675485006
VFOLIH 45001 46001 -0.4657848324515008
VFOLIH 46001 47001 -2.0657848324514987
VFOLIH 47001 48001 -2.6657848324515
VFOLIH 48001 49001 -3.3657848324514994
VFOLIH 49001 50001 -5.0657848324515005
VFOLIH 50001 51001 -3.3657848324514994
VFOLIH 51001 52001 -1.8657848324514994
VFOLIH 52001 53001 2.6342151675485006
VFOLIH 53001 54001 0.6342151675485006
VFOLIH 54001 55001 -2.3657848324514994
VFOLIH 55001 56001 -1.8657848324514994
VFOLIH 56001 57001 -1.2657848324515015
VFOLIH 57001 58001 0.6342151675485006
VFOLIH 58001 59001 -3.965784832451501
VFOLIH 59001 60001 -2.2657848324514998
VFOLIH 60001 61001 0.1342151675485006
VFOLIH 61001 62001 5.634215167548501
VFOLIH 62001 63001 -3.1657848324515
VFOLIH 63001 64001 -0.4657848324515008
VFOLIH 64001 65001 1.2342151675484985
VFOLIH 65001 66001 0.5342151675484992
VFOLIH 66001 67001 3.7342151675484985
VFOLIH 67001 68001 -0.9657848324515008
VFOLIH 68001 69001 -0.3657848324514994
VFOLIH 69001 70001 2.4342151675485013
VFOLIH 70001 71001 4.8342151675485
VFOLIH 71001 72001 -1.9657848324515008
VFOLIH 72001 73001 -1.9657848324515008
VFOLIH 73001 74001 -3.0657848324515005
VFOLIH 74001 75001 2.9342151675485013
VFOLIH 75001 76001 -6.5657848324515005
VFOLIH 76001 77001 -0.1657848324515001
VFOLIH 77001 78001 -2.465784832451501
VFOLIH 78001 79001 0.7342151675484985
VFOLIH 79001 80001 2.9342151675485013
VFOLIH 80001 81001 -1.2657848324515015
VFOLIH 81001 82001 -4.6657848324515
VFOLIH 82001 83001 -4.6657848324515
VFOLIH 83001 84001 2.2342151675484985
VFOLIH 84001 85001 7.434215167548501
VFOLIH 85001 86001 -6.465784832451501
VFOLIH 86001 87001 -8.4657848324515
VFOLIH 87001 88001 -0.26578483245150153
VFOLIH 88001 89001 1.3342151675485
VFOLIH 89001 90001 -0.6657848324515001
VFOLIH 90001 91001 -1.2657848324515015
VFOLIH 91001 92001 -4.865784832451499
VFOLIH 92001 93001 -1.7657848324515015
VFOLIH 93001 94001 -2.8657848324514994
VFOLIH 94001 95001 2.034215167548499
VFOLIH 95001 96001 -1.1657848324515
VFOLIH 96001 97001 -1.0657848324514987
VFOLIH 97001 98001 -3.0657848324515005
VFOLIH 98001 99001 2.534215167548499
VFOLIH 99001 100001 -2.3657848324514994
VFOLIH 100001 101001 4.534215167548499
VFOLIH 101001 102001 4.034215167548499
VFOLIH 102001 103001 -4.0657848324515005
VFOLIH 103001 104001 -5.865784832451499
VFOLIH 104001 105001 -2.465784832451501
VFOLIH 105001 106001 3.3342151675485
VFOLIH 106001 107001 9.1342151675485
VFOLIH 107001 108001 2.6342151675485006
VFOLIH 108001 109001 0.23421516754849847
VFOLIH 109001 110001 -2.8657848324514994
VFOLIH 110001 111001 -5.465784832451501
VFOLIH 111001 112001 -1.5657848324514987
VFOLIH 112001 113001 -1.2657848324515015
VFOLIH 113001 114001 -3.965784832451501
VFOLIH 114001 115001 -1.9657848324515008
VFOLIH 115001 116001 -1.8657848324514994
VFOLIH 116001 117001 0.3342151675484999
VFOLIH 117001 118001 14.234215167548498
VFOLIH 118001 119001 18.7342151675485
VFOLIH 119001 120001 19.034215167548503
VFOLIH 120001 121001 14.434215167548501
VFOLIH 121001 122001 18.134215167548497
VFOLIH 122001 123001 -0.26578483245150153
VFOLIH 123001 124001 -1.0657848324514987
VFOLIH 124001 125001 0.6342151675485006
VFOLIH 125001 126001 2.034215167548499
VFOLIH 126001 127001 0.7342151675484985
VFOLIH 127001 128001 0.03421516754849918
VFOLIH 128001 129001 -2.2657848324514998
VFOLIH 129001 130001 -1.2657848324515015
VFOLIH 130001 131001 3.7342151675484985
VFOLIH 131001 132001 -0.06578483245149869
VFOLIH 132001 133001 -3.965784832451501
VFOLIH 133001 134001 0.23421516754849847
VFOLIH 134001 135001 -3.965784832451501
VFOLIH 135001 136001 0.8342151675484999
